/	13120501000	126	0
/bar	1000000000	10	0
/bar/bar0	100000000	1	1
/bar/bar1	100000000	1	1
/bar/bar2	100000000	1	1
/bar/bar3	100000000	1	1
/bar/bar4	100000000	1	1
/bar/bar5	100000000	1	1
/bar/bar6	100000000	1	1
/bar/bar7	100000000	1	1
/bar/bar8	100000000	1	1
/bar/bar9	100000000	1	1
/baz	10000000	10	0
/baz/baz0	1000000	1	1
/baz/baz1	1000000	1	1
/baz/baz2	1000000	1	1
/baz/baz3	1000000	1	1
/baz/baz4	1000000	1	1
/baz/baz5	1000000	1	1
/baz/baz6	1000000	1	1
/baz/baz7	1000000	1	1
/baz/baz8	1000000	1	1
/baz/baz9	1000000	1	1
/bigfile	10000000000	1	1
/foo	1000000000	1	0
/foo/foo0	1000000000	1	1
/smallfiles	1000000000	100	1
/tmp	500000	1	1
/user	10001000	3	0
/user/travis	10001000	2	0
/user/travis/bar	1000	1	1
/user/travis/foo	10000000	1	1
/var	100000000	100	1
